service_id,monday,tuesday,wednesday,thursday,friday,saturday,sunday,start_date,end_date
733,0,0,0,1,0,0,0,20250303,20251128
145,0,0,0,1,0,0,0,20250303,20251128
333,0,0,0,1,0,0,0,20250303,20251128
369,0,0,0,1,0,0,0,20250303,20251128
227,0,0,0,1,0,0,0,20250303,20251128
479,0,0,0,1,0,0,0,20250303,20251128
551,0,0,0,1,0,0,0,20250303,20251128
279,0,0,0,1,0,0,0,20250303,20251128
944,0,0,0,1,0,0,0,20250303,20251128
120,0,0,0,1,0,0,0,20250303,20251128
553,0,1,1,1,0,0,0,20250303,20251128
754,0,1,1,1,0,0,0,20250303,20251128
1031,1,1,0,0,1,1,0,20250303,20251128
58,1,1,0,1,1,1,0,20250303,20251128
46,1,1,0,1,1,1,0,20250303,20251128
68,1,1,0,1,1,1,0,20250303,20251128
126,0,1,0,0,1,0,0,20250303,20251128
45,0,1,0,0,1,0,0,20250303,20251128
18,1,1,1,1,1,1,1,20250401,20250816
20,1,1,1,1,1,1,1,20250501,20250816
4,1,1,1,1,1,1,1,20250303,20250329
14,1,1,1,1,1,1,1,20250417,20250816
750,1,1,1,1,1,1,1,20250303,20251128
15,1,1,1,1,1,1,1,20250417,20250604
26,1,1,1,1,1,1,1,20250330,20250412
1042,1,1,1,1,1,1,1,20250310,20250329
598,1,1,1,1,1,1,1,20250303,20250418
13,1,1,1,1,1,1,1,20250605,20250816
885,1,1,1,1,1,1,1,20250303,20250902
725,1,1,1,1,1,1,1,20250317,20251102
218,1,1,1,1,1,1,1,20250303,20251128
632,1,1,1,1,1,1,1,20250303,20250418
639,1,1,1,1,1,1,1,20250303,20250310
634,1,1,1,1,1,1,1,20250303,20251128
510,1,1,1,1,1,1,1,20250303,20251128
902,1,1,1,1,1,1,1,20250303,20251128
19,1,1,1,1,1,1,1,20250330,20250816
422,1,1,1,1,1,1,1,20250303,20251128
135,1,1,1,1,1,1,1,20250303,20250603
16,1,1,1,1,1,1,1,20250303,20250329
461,1,1,1,1,1,1,1,20250303,20251128
820,1,1,1,1,1,1,1,20250303,20251128
27,1,1,1,1,1,1,1,20250330,20250412
585,1,1,1,1,1,1,1,20250303,20251128
860,1,1,1,1,1,1,1,20250303,20251128
781,1,1,1,1,1,1,1,20250303,20251128
25,1,1,1,1,1,1,1,20250413,20250716
490,1,1,1,1,1,1,1,20250303,20250418
755,1,1,1,1,1,1,1,20250318,20251102
157,1,1,1,1,1,1,1,20250427,20250603
687,1,1,1,1,1,1,1,20250303,20251128
887,1,1,1,1,1,1,1,20250303,20250902
751,1,1,1,1,1,1,1,20250323,20251102
3,1,1,1,1,1,1,1,20250330,20250416
263,1,1,1,1,1,1,1,20250303,20250426
672,1,1,1,1,1,1,1,20250303,20251128
814,1,1,1,1,1,1,1,20250303,20251128
786,1,1,1,1,1,1,1,20250303,20251128
644,1,1,1,1,1,1,1,20250311,20251128
196,1,1,1,1,1,1,1,20250303,20251128
509,1,1,1,1,1,1,1,20250303,20251128
21,1,1,1,1,1,1,1,20250515,20250716
35,1,1,1,1,1,1,1,20250303,20250327
884,1,1,1,1,1,1,1,20250303,20250718
24,1,1,1,1,1,1,1,20250330,20250816
491,1,1,1,1,1,1,1,20250303,20251128
881,0,1,0,0,0,1,0,20250304,20250308
89,0,1,0,0,0,1,0,20250303,20250503
606,0,0,1,1,1,0,0,20250303,20251128
234,0,0,1,1,1,0,0,20250305,20250404
571,0,0,1,1,1,0,0,20250303,20251128
930,0,0,1,1,1,0,0,20250303,20251128
544,0,0,0,0,0,1,1,20250303,20251128
514,0,0,0,0,0,1,1,20250303,20251128
753,0,0,0,0,0,1,1,20250401,20250928
909,0,0,0,0,0,1,1,20250419,20250420
121,1,1,0,0,1,0,0,20250303,20251128
191,1,0,1,0,1,0,0,20250303,20251128
693,1,0,1,0,1,0,0,20250303,20251128
54,1,0,1,0,1,0,0,20250303,20251128
23,1,0,0,0,1,1,1,20250303,20250329
232,1,0,1,1,1,0,0,20250303,20250404
22,1,0,0,0,0,0,1,20250303,20250716
17,1,0,0,0,0,0,1,20250303,20250816
739,0,0,0,0,1,0,0,20250303,20251128
666,0,0,0,0,1,0,0,20250303,20251128
384,0,0,0,0,1,0,0,20250303,20251128
673,0,0,0,0,1,0,0,20250303,20251128
1073,0,0,0,0,1,0,0,20250303,20251128
548,0,0,0,0,1,0,0,20250303,20251128
289,0,0,0,0,1,0,0,20250303,20251128
370,0,0,0,0,1,0,0,20250303,20251128
239,0,0,0,0,1,0,0,20250303,20251128
597,0,0,0,0,1,0,0,20250303,20251128
774,0,0,0,0,1,0,0,20250303,20251128
296,0,0,0,0,1,0,0,20250418,20250418
374,0,0,0,0,1,0,0,20250303,20251128
658,0,0,0,0,1,0,0,20250303,20251128
550,0,0,0,0,1,0,0,20250303,20251128
271,0,0,0,0,1,0,0,20250303,20251128
734,0,0,0,0,1,0,0,20250303,20251128
545,0,0,0,0,1,0,0,20250303,20251128
233,0,0,0,0,1,0,0,20250303,20251128
1096,0,0,0,0,1,0,0,20250303,20251128
332,0,0,0,0,1,0,0,20250303,20251128
342,0,0,0,0,1,0,0,20250303,20251128
119,0,0,0,0,1,0,0,20250303,20251128
226,0,0,0,0,1,0,0,20250303,20251128
31,0,0,0,0,1,0,0,20250303,20250328
663,0,0,0,0,1,0,0,20250303,20251128
371,0,0,0,0,1,0,0,20250303,20251128
473,0,0,0,0,1,0,0,20250307,20250404
599,0,0,0,0,1,0,0,20250303,20251128
918,0,0,0,0,1,0,0,20250303,20251128
446,0,0,0,0,1,0,0,20250303,20251128
30,0,0,0,0,1,0,0,20250303,20250716
592,0,0,0,0,1,0,0,20250303,20251128
906,0,0,0,0,1,0,0,20250725,20250725
911,1,1,1,1,1,0,1,20250303,20251128
617,1,1,1,1,1,0,1,20250303,20251128
789,1,1,1,1,1,0,1,20250303,20251128
748,1,1,1,1,1,0,1,20250303,20251128
677,1,1,1,1,1,0,1,20250303,20251128
835,1,1,1,1,1,0,1,20250303,20250418
447,1,1,1,1,1,0,1,20250303,20251128
489,1,1,1,1,1,0,1,20250303,20251128
484,1,1,1,1,1,1,0,20250303,20251128
761,1,1,1,1,1,1,0,20250303,20251128
317,1,1,1,1,1,1,0,20250303,20251128
106,1,1,1,1,1,1,0,20250303,20251128
743,1,1,1,1,1,1,0,20250303,20251128
979,1,1,1,1,1,1,0,20250303,20251128
948,1,1,1,1,1,1,0,20250303,20251128
1033,1,1,1,1,1,1,0,20250303,20251128
674,1,1,1,1,1,1,0,20250303,20251128
253,1,1,1,1,1,1,0,20250303,20251128
285,1,1,1,1,1,1,0,20250303,20251128
70,1,1,1,1,1,1,0,20250303,20251128
766,1,1,1,1,1,1,0,20250303,20251128
113,1,1,1,1,1,1,0,20250303,20251128
951,1,1,1,1,1,1,0,20250317,20251128
685,1,1,1,1,1,1,0,20250303,20251128
79,1,1,1,1,1,1,0,20250303,20250523
955,1,1,1,1,1,1,0,20250303,20251128
294,1,1,1,1,1,1,0,20250303,20251128
407,1,1,1,1,1,1,0,20250303,20251128
335,1,1,1,1,1,1,0,20250303,20251128
696,1,1,1,1,1,1,0,20250303,20251128
67,1,1,1,1,1,1,0,20250303,20251128
304,1,1,1,1,1,1,0,20250303,20251128
1086,1,1,1,1,1,1,0,20250303,20251128
698,1,1,1,1,1,1,0,20250303,20251128
80,1,1,1,1,1,1,0,20250303,20250523
974,1,1,1,1,1,1,0,20250303,20251128
220,1,1,1,1,1,1,0,20250303,20251128
297,1,1,1,1,1,1,0,20250303,20251128
587,1,1,1,1,1,1,0,20250303,20251128
915,1,1,1,1,1,1,0,20250303,20251128
583,1,1,1,1,1,1,0,20250303,20251128
130,1,1,1,1,1,1,0,20250303,20250603
305,1,1,1,1,1,1,0,20250303,20251128
749,1,1,1,1,1,1,0,20250303,20251128
970,1,1,1,1,1,1,0,20250303,20251128
91,1,1,1,1,1,1,0,20250303,20250523
806,1,1,1,1,1,1,0,20250303,20251128
264,1,1,1,1,1,1,0,20250303,20250426
238,1,1,1,1,1,1,0,20250303,20251128
740,1,1,1,1,1,1,0,20250303,20251128
214,1,1,1,1,1,1,0,20250303,20251128
380,1,1,1,1,1,1,0,20250303,20251128
591,1,1,1,1,1,1,0,20250303,20251128
532,1,1,1,1,1,1,0,20250303,20250531
192,1,1,1,1,1,1,0,20250303,20251128
474,1,1,1,1,1,1,0,20250303,20251128
1043,1,1,1,1,1,1,0,20250310,20250329
158,1,1,1,1,1,1,0,20250428,20250603
1078,1,1,1,1,1,1,0,20250303,20251128
353,1,1,1,1,1,1,0,20250303,20251128
41,1,1,1,1,1,1,0,20250303,20251128
248,1,1,1,1,1,1,0,20250329,20250412
255,1,1,1,1,1,1,0,20250303,20251128
59,1,1,1,1,1,1,0,20250303,20251128
834,1,1,1,1,1,1,0,20250303,20251128
1029,1,1,1,1,1,1,0,20250303,20251128
642,1,1,1,1,1,1,0,20250303,20250310
182,1,1,1,1,1,1,0,20250303,20251128
614,1,1,1,1,1,1,0,20250303,20251128
716,1,1,1,1,1,1,0,20250303,20251128
968,1,1,1,1,1,1,0,20250303,20251128
900,1,1,1,1,1,1,0,20250303,20251128
522,1,1,1,1,1,1,0,20250303,20251128
978,1,1,1,1,1,1,0,20250303,20251128
38,1,1,1,1,1,1,0,20250303,20251128
932,1,1,1,1,1,1,0,20250303,20251128
260,1,1,1,1,1,1,0,20250303,20250603
779,1,1,1,1,1,1,0,20250303,20251128
115,1,1,1,1,1,1,0,20250303,20251128
922,1,1,1,1,1,1,0,20250303,20251128
867,1,1,1,1,1,1,0,20250303,20251128
281,1,1,1,1,1,1,0,20250303,20251128
831,1,1,1,1,1,1,0,20250303,20251128
822,1,1,1,1,1,1,0,20250303,20251128
515,1,1,1,1,1,1,0,20250303,20251128
336,1,1,1,1,1,1,0,20250303,20251128
400,1,1,1,1,1,1,0,20250303,20251128
559,1,1,1,1,1,1,0,20250303,20251128
62,1,1,1,1,1,1,0,20250303,20251128
519,1,1,1,1,1,1,0,20250303,20251128
483,1,1,1,1,1,1,0,20250303,20251128
647,1,1,1,1,1,1,0,20250311,20251128
1018,1,1,1,1,1,1,0,20250303,20251128
701,1,1,1,1,1,1,0,20250303,20251128
257,1,1,1,1,1,1,0,20250303,20251128
956,1,1,1,1,1,1,0,20250303,20251128
630,1,1,1,1,1,1,0,20250303,20251128
404,1,1,1,1,1,1,0,20250303,20251128
105,1,1,1,1,1,1,0,20250303,20251128
98,1,1,1,1,1,1,0,20250303,20251128
633,1,1,1,1,1,1,0,20250303,20250418
460,1,1,1,1,1,1,0,20250303,20251128
112,1,1,1,1,1,1,0,20250303,20251128
1028,0,1,0,0,0,0,0,20250303,20251128
51,0,1,0,0,0,0,0,20250303,20251128
259,0,1,0,0,0,0,0,20250303,20251128
981,0,1,0,0,0,0,0,20250303,20251128
411,0,1,0,0,0,0,0,20250303,20251128
554,0,1,0,0,0,0,0,20250303,20251128
629,0,1,0,0,0,0,0,20250303,20250826
229,0,1,0,0,0,0,0,20250303,20251128
52,0,1,0,0,0,0,0,20250303,20251128
202,0,1,0,0,0,0,0,20250303,20251128
249,0,0,0,0,1,1,1,20250418,20250420
0,0,0,0,0,1,1,1,20250303,20250323
231,1,1,0,1,1,0,0,20250303,20250404
122,1,1,0,1,1,0,0,20250303,20251128
506,1,1,0,1,1,0,0,20250303,20251128
424,1,1,0,1,1,0,0,20250303,20251128
362,1,1,0,1,1,0,0,20250303,20251128
908,1,0,0,0,0,1,1,20250419,20250421
416,0,1,1,0,1,0,0,20250303,20251128
943,0,1,1,0,1,0,0,20250303,20251128
746,1,0,0,0,1,0,0,20250303,20251128
947,1,0,0,0,1,0,0,20250303,20251128
613,1,0,0,0,1,0,0,20250303,20251128
738,1,0,0,0,1,0,0,20250303,20251128
954,1,0,0,0,1,0,0,20250303,20251128
397,1,0,0,0,1,0,0,20250303,20251128
383,1,1,1,1,0,0,0,20250303,20251128
366,1,1,1,1,0,0,0,20250303,20251128
225,1,1,1,1,0,0,0,20250303,20250403
914,1,1,1,1,0,0,0,20250303,20251128
552,1,1,1,1,0,0,0,20250303,20251128
671,1,1,1,1,0,0,0,20250303,20251128
373,1,1,1,1,0,0,0,20250303,20251128
584,1,1,1,1,0,0,0,20250303,20251128
792,1,1,1,1,0,0,0,20250303,20251128
569,0,1,1,1,1,0,0,20250303,20251128
873,0,1,1,1,1,0,0,20250303,20250723
236,0,1,1,1,1,0,0,20250304,20250404
33,0,0,1,1,1,1,1,20250303,20250329
32,0,0,1,1,1,1,1,20250330,20250816
29,0,0,0,1,0,1,1,20250303,20250329
757,1,1,1,1,1,0,0,20250303,20251128
764,1,1,1,1,1,0,0,20250303,20251128
378,1,1,1,1,1,0,0,20250303,20251128
306,1,1,1,1,1,0,0,20250303,20251128
454,1,1,1,1,1,0,0,20250303,20251128
513,1,1,1,1,1,0,0,20250303,20251128
612,1,1,1,1,1,0,0,20250303,20251128
141,1,1,1,1,1,0,0,20250303,20251128
996,1,1,1,1,1,0,0,20250303,20251128
396,1,1,1,1,1,0,0,20250303,20251128
986,1,1,1,1,1,0,0,20250303,20251128
1085,1,1,1,1,1,0,0,20250303,20251128
341,1,1,1,1,1,0,0,20250303,20251128
504,1,1,1,1,1,0,0,20250303,20251128
313,1,1,1,1,1,0,0,20250303,20251128
939,1,1,1,1,1,0,0,20250303,20251128
697,1,1,1,1,1,0,0,20250303,20251128
431,1,1,1,1,1,0,0,20250303,20251128
395,1,1,1,1,1,0,0,20250303,20251128
475,1,1,1,1,1,0,0,20250303,20251128
891,1,1,1,1,1,0,0,20250303,20251128
323,1,1,1,1,1,0,0,20250303,20251128
1008,1,1,1,1,1,0,0,20250303,20251128
656,1,1,1,1,1,0,0,20250303,20251128
723,1,1,1,1,1,0,0,20250303,20251128
329,1,1,1,1,1,0,0,20250303,20251128
1065,1,1,1,1,1,0,0,20250303,20251128
845,1,1,1,1,1,0,0,20250303,20251128
379,1,1,1,1,1,0,0,20250303,20251128
425,1,1,1,1,1,0,0,20250303,20251128
179,1,1,1,1,1,0,0,20250303,20251128
309,1,1,1,1,1,0,0,20250303,20251128
767,1,1,1,1,1,0,0,20250303,20251128
47,1,1,1,1,1,0,0,20250303,20251128
669,1,1,1,1,1,0,0,20250303,20251128
250,1,1,1,1,1,0,0,20250303,20251128
840,1,1,1,1,1,0,0,20250303,20251128
1044,1,1,1,1,1,0,0,20250310,20250329
160,1,1,1,1,1,0,0,20250427,20251128
272,1,1,1,1,1,0,0,20250303,20251128
350,1,1,1,1,1,0,0,20250303,20251128
659,1,1,1,1,1,0,0,20250303,20251128
910,1,1,1,1,1,0,0,20250303,20251128
419,1,1,1,1,1,0,0,20250303,20251128
664,1,1,1,1,1,0,0,20250303,20250718
941,1,1,1,1,1,0,0,20250303,20251128
501,1,1,1,1,1,0,0,20250303,20251128
745,1,1,1,1,1,0,0,20250303,20251128
711,1,1,1,1,1,0,0,20250303,20251128
863,1,1,1,1,1,0,0,20250303,20251128
728,1,1,1,1,1,0,0,20250303,20251128
72,1,1,1,1,1,0,0,20250303,20251128
212,1,1,1,1,1,0,0,20250303,20251128
667,1,1,1,1,1,0,0,20250303,20251128
195,1,1,1,1,1,0,0,20250303,20251128
899,1,1,1,1,1,0,0,20250303,20251128
681,1,1,1,1,1,0,0,20250303,20251128
525,1,1,1,1,1,0,0,20250303,20251128
276,1,1,1,1,1,0,0,20250303,20251128
775,1,1,1,1,1,0,0,20250303,20251128
464,1,1,1,1,1,0,0,20250303,20251128
653,1,1,1,1,1,0,0,20250303,20251128
588,1,1,1,1,1,0,0,20250303,20251128
100,1,1,1,1,1,0,0,20250303,20251128
101,1,1,1,1,1,0,0,20250303,20251128
508,1,1,1,1,1,0,0,20250303,20251128
977,1,1,1,1,1,0,0,20250303,20251128
858,1,1,1,1,1,0,0,20250303,20251128
486,1,1,1,1,1,0,0,20250303,20251128
699,1,1,1,1,1,0,0,20250303,20251128
702,1,1,1,1,1,0,0,20250303,20251128
178,1,1,1,1,1,0,0,20250303,20251128
973,1,1,1,1,1,0,0,20250303,20251128
1056,1,1,1,1,1,0,0,20250303,20251128
467,1,1,1,1,1,0,0,20250303,20251128
293,1,1,1,1,1,0,0,20250303,20251128
433,1,1,1,1,1,0,0,20250303,20251128
463,1,1,1,1,1,0,0,20250303,20251128
60,1,1,1,1,1,0,0,20250303,20251128
1071,1,1,1,1,1,0,0,20250303,20251128
983,1,1,1,1,1,0,0,20250303,20251128
849,1,1,1,1,1,0,0,20250303,20251128
833,1,1,1,1,1,0,0,20250303,20251128
210,1,1,1,1,1,0,0,20250303,20251128
561,1,1,1,1,1,0,0,20250303,20251128
188,1,1,1,1,1,0,0,20250303,20251128
316,1,1,1,1,1,0,0,20250303,20251128
1020,1,1,1,1,1,0,0,20250303,20251128
498,1,1,1,1,1,0,0,20250303,20251128
649,1,1,1,1,1,0,0,20250303,20251128
994,1,1,1,1,1,0,0,20250303,20251128
459,1,1,1,1,1,0,0,20250303,20251128
1051,1,1,1,1,1,0,0,20250303,20251128
993,1,1,1,1,1,0,0,20250303,20251128
596,1,1,1,1,1,0,0,20250303,20251128
769,1,1,1,1,1,0,0,20250303,20251128
995,1,1,1,1,1,0,0,20250303,20251128
184,1,1,1,1,1,0,0,20250303,20251128
321,1,1,1,1,1,0,0,20250303,20251128
844,1,1,1,1,1,0,0,20250303,20251128
982,1,1,1,1,1,0,0,20250303,20251128
312,1,1,1,1,1,0,0,20250303,20251128
502,1,1,1,1,1,0,0,20250303,20251128
572,1,1,1,1,1,0,0,20250303,20251128
1006,1,1,1,1,1,0,0,20250303,20251128
1075,1,1,1,1,1,0,0,20250303,20251128
215,1,1,1,1,1,0,0,20250303,20251128
916,1,1,1,1,1,0,0,20250303,20251128
398,1,1,1,1,1,0,0,20250303,20251128
348,1,1,1,1,1,0,0,20250303,20251128
331,1,1,1,1,1,0,0,20250303,20251128
811,1,1,1,1,1,0,0,20250303,20251128
741,1,1,1,1,1,0,0,20250303,20251128
869,1,1,1,1,1,0,0,20250303,20251128
896,1,1,1,1,1,0,0,20250303,20251128
204,1,1,1,1,1,0,0,20250303,20251128
735,1,1,1,1,1,0,0,20250303,20251128
856,1,1,1,1,1,0,0,20250303,20251128
40,1,1,1,1,1,0,0,20250303,20251128
940,1,1,1,1,1,0,0,20250303,20251128
1090,1,1,1,1,1,0,0,20250303,20251128
275,1,1,1,1,1,0,0,20250303,20251128
183,1,1,1,1,1,0,0,20250303,20251128
724,1,1,1,1,1,0,0,20250303,20251128
949,1,1,1,1,1,0,0,20250317,20251128
94,1,1,1,1,1,0,0,20250303,20251128
928,1,1,1,1,1,0,0,20250303,20251128
237,1,1,1,1,1,0,0,20250303,20251128
166,1,1,1,1,1,0,0,20250303,20251128
719,1,1,1,1,1,0,0,20250303,20251128
903,1,1,1,1,1,0,0,20250303,20251128
55,1,1,1,1,1,0,0,20250303,20251128
452,1,1,1,1,1,0,0,20250303,20251128
825,1,1,1,1,1,0,0,20250303,20251128
752,1,1,1,1,1,0,0,20250331,20250829
344,1,1,1,1,1,0,0,20250303,20251128
206,1,1,1,1,1,0,0,20250303,20251128
500,1,1,1,1,1,0,0,20250303,20251128
1053,1,1,1,1,1,0,0,20250303,20251128
273,1,1,1,1,1,0,0,20250303,20251128
590,1,1,1,1,1,0,0,20250303,20251128
392,1,1,1,1,1,0,0,20250303,20251128
999,1,1,1,1,1,0,0,20250303,20251128
838,1,1,1,1,1,0,0,20250303,20251128
1048,1,1,1,1,1,0,0,20250303,20251128
952,1,1,1,1,1,0,0,20250303,20251128
144,1,1,1,1,1,0,0,20250303,20251128
924,1,1,1,1,1,0,0,20250303,20251128
895,1,1,1,1,1,0,0,20250303,20251128
959,1,1,1,1,1,0,0,20250303,20251128
714,1,1,1,1,1,0,0,20250303,20251128
283,1,1,1,1,1,0,0,20250303,20251128
434,1,1,1,1,1,0,0,20250303,20251128
795,1,1,1,1,1,0,0,20250303,20251128
937,1,1,1,1,1,0,0,20250303,20251128
1013,1,1,1,1,1,0,0,20250303,20251128
49,1,1,1,1,1,0,0,20250303,20251128
744,1,1,1,1,1,0,0,20250303,20251128
601,1,1,1,1,1,0,0,20250303,20251128
536,1,1,1,1,1,0,0,20250303,20251128
920,1,1,1,1,1,0,0,20250303,20251128
990,1,1,1,1,1,0,0,20250303,20251128
888,1,1,1,1,1,0,0,20250303,20251128
537,1,1,1,1,1,0,0,20250303,20251128
417,1,1,1,1,1,0,0,20250303,20251128
1003,1,1,1,1,1,0,0,20250303,20251128
771,1,1,1,1,1,0,0,20250303,20251128
1069,1,1,1,1,1,0,0,20250303,20251128
998,1,1,1,1,1,0,0,20250303,20251128
129,1,1,1,1,1,0,0,20250303,20251128
793,1,1,1,1,1,0,0,20250303,20251128
682,1,1,1,1,1,0,0,20250303,20251128
529,1,1,1,1,1,0,0,20250303,20251128
1087,1,1,1,1,1,0,0,20250303,20251128
163,1,1,1,1,1,0,0,20250303,20251128
1080,1,1,1,1,1,0,0,20250303,20251128
466,1,1,1,1,1,0,0,20250303,20251128
330,1,1,1,1,1,0,0,20250303,20251128
1017,1,1,1,1,1,0,0,20250303,20251128
165,1,1,1,1,1,0,0,20250303,20251128
1060,1,1,1,1,1,0,0,20250303,20251128
1012,1,1,1,1,1,0,0,20250303,20251128
627,1,1,1,1,1,0,0,20250303,20251128
848,1,1,1,1,1,0,0,20250303,20250718
448,1,1,1,1,1,0,0,20250303,20251128
1093,1,1,1,1,1,0,0,20250303,20251128
420,1,1,1,1,1,0,0,20250303,20251128
1061,1,1,1,1,1,0,0,20250303,20251128
1050,1,1,1,1,1,0,0,20250303,20251128
678,1,1,1,1,1,0,0,20250303,20250722
1010,1,1,1,1,1,0,0,20250303,20251128
843,1,1,1,1,1,0,0,20250303,20251128
593,1,1,1,1,1,0,0,20250303,20250722
643,1,1,1,1,1,0,0,20250311,20251128
770,1,1,1,1,1,0,0,20250303,20251128
66,1,1,1,1,1,0,0,20250303,20251128
866,1,1,1,1,1,0,0,20250303,20251128
778,1,1,1,1,1,0,0,20250303,20251128
1011,1,1,1,1,1,0,0,20250303,20251128
808,1,1,1,1,1,0,0,20250303,20251128
787,1,1,1,1,1,0,0,20250303,20251128
747,1,1,1,1,1,0,0,20250303,20251128
894,1,1,1,1,1,0,0,20250303,20251128
128,1,1,1,1,1,0,0,20250303,20251128
246,1,1,1,1,1,0,0,20250329,20250413
712,1,1,1,1,1,0,0,20250303,20251128
839,1,1,1,1,1,0,0,20250303,20251128
756,1,1,1,1,1,0,0,20250303,20251128
765,1,1,1,1,1,0,0,20250303,20251128
244,1,1,1,1,1,0,0,20250303,20251128
1027,1,1,1,1,1,0,0,20250303,20251128
713,1,1,1,1,1,0,0,20250303,20251128
635,1,1,1,1,1,0,0,20250303,20251128
520,1,1,1,1,1,0,0,20250303,20251128
1015,1,1,1,1,1,0,0,20250303,20251128
718,1,1,1,1,1,0,0,20250303,20251128
69,1,1,1,1,1,0,0,20250303,20251128
382,1,1,1,1,1,0,0,20250303,20251128
269,1,1,1,1,1,0,0,20250303,20250426
252,1,1,1,1,1,0,0,20250303,20251128
619,1,1,1,1,1,0,0,20250303,20251128
303,1,1,1,1,1,0,0,20250303,20251128
1034,1,1,1,1,1,0,0,20250303,20251128
472,1,1,1,1,1,0,0,20250303,20251128
628,1,1,1,1,1,0,0,20250303,20251128
493,1,1,1,1,1,0,0,20250303,20251128
315,1,1,1,1,1,0,0,20250303,20251128
1057,1,1,1,1,1,0,0,20250303,20251128
1055,1,1,1,1,1,0,0,20250330,20251128
640,1,1,1,1,1,0,0,20250303,20250310
347,1,1,1,1,1,0,0,20250303,20251128
595,1,1,1,1,1,0,0,20250303,20251128
722,1,1,1,1,1,0,0,20250303,20251128
208,1,1,1,1,1,0,0,20250303,20251128
1097,1,1,1,1,1,0,0,20250303,20251128
287,1,1,1,1,1,0,0,20250303,20251128
665,1,1,1,1,1,0,0,20250303,20251128
620,1,1,1,1,1,0,0,20250303,20251128
386,1,1,1,1,1,0,0,20250303,20250329
190,1,1,1,1,1,0,0,20250303,20251128
286,1,1,1,1,1,0,0,20250303,20251128
534,1,1,1,1,1,0,0,20250303,20251128
150,1,1,1,1,1,0,0,20250303,20251128
42,1,1,1,1,1,0,0,20250303,20251128
531,1,1,1,1,1,0,0,20250303,20251128
1000,1,1,1,1,1,0,0,20250303,20251128
351,1,1,1,1,1,0,0,20250303,20251128
1058,1,1,1,1,1,0,0,20250303,20251128
991,1,1,1,1,1,0,0,20250303,20251128
328,1,1,1,1,1,0,0,20250303,20251128
142,1,1,1,1,1,0,0,20250303,20251128
518,1,1,1,1,1,0,0,20250303,20251128
729,1,1,1,1,1,0,0,20250303,20251128
298,1,1,1,1,1,0,0,20250303,20251128
201,1,1,1,1,1,0,0,20250303,20251128
586,1,1,1,1,1,0,0,20250303,20251128
187,1,1,1,1,1,0,0,20250303,20251128
64,1,1,1,1,1,0,0,20250303,20251128
56,1,1,1,1,1,0,0,20250303,20251128
984,1,1,1,1,1,0,0,20250303,20251128
96,1,1,1,1,1,0,0,20250303,20251128
964,1,1,1,1,1,0,0,20250303,20251128
1067,1,1,1,1,1,0,0,20250303,20251128
624,1,1,1,1,1,0,0,20250303,20251128
161,1,1,1,1,1,0,0,20250303,20251128
1004,1,1,1,1,1,0,0,20250303,20251128
1052,1,1,1,1,1,0,0,20250303,20251128
274,1,1,1,1,1,0,0,20250303,20251128
861,1,1,1,1,1,0,0,20250303,20251128
760,1,1,1,1,1,0,0,20250303,20251128
539,1,1,1,1,1,0,0,20250303,20251128
851,1,1,1,1,1,0,0,20250303,20251128
868,1,1,1,1,1,0,0,20250303,20251128
367,1,1,1,1,1,0,0,20250303,20251128
691,1,1,1,1,1,0,0,20250303,20251128
1025,1,1,1,1,1,0,0,20250303,20251128
969,1,1,1,1,1,0,0,20250303,20251128
99,1,1,1,1,1,0,0,20250303,20251128
143,1,1,1,1,1,0,0,20250303,20251128
401,1,1,1,1,1,0,0,20250303,20251128
1019,1,1,1,1,1,0,0,20250303,20251128
180,1,1,1,1,1,0,0,20250303,20251128
636,1,1,1,1,1,0,0,20250303,20251128
325,1,1,1,1,1,0,0,20250303,20251128
393,1,1,1,1,1,0,0,20250303,20251128
879,1,1,1,1,1,0,0,20250303,20251128
1002,1,1,1,1,1,0,0,20250303,20251128
111,1,1,1,1,1,0,0,20250303,20251128
197,1,1,1,1,1,0,0,20250303,20251128
594,1,1,1,1,1,0,0,20250303,20251128
284,1,1,1,1,1,0,0,20250303,20251128
443,1,1,1,1,1,0,0,20250303,20251128
205,1,1,1,1,1,0,0,20250303,20251128
507,1,1,1,1,1,0,0,20250303,20251128
211,1,1,1,1,1,0,0,20250303,20251128
772,1,1,1,1,1,0,0,20250303,20251128
405,1,1,1,1,1,0,0,20250303,20251128
314,1,1,1,1,1,0,0,20250303,20251128
616,1,1,1,1,1,0,0,20250303,20251128
418,1,1,1,1,1,0,0,20250303,20251128
1066,1,1,1,1,1,0,0,20250303,20251128
243,1,1,1,1,1,0,0,20250303,20251128
890,1,1,1,1,1,0,0,20250303,20251128
251,1,1,1,1,1,0,0,20250303,20251128
528,1,1,1,1,1,0,0,20250303,20251128
1092,1,1,1,1,1,0,0,20250303,20251128
541,1,1,1,1,1,0,0,20250303,20251128
450,1,1,1,1,1,0,0,20250303,20251128
338,1,1,1,1,1,0,0,20250303,20251128
186,1,1,1,1,1,0,0,20250303,20251128
481,1,1,1,1,1,0,0,20250303,20251128
661,1,1,1,1,1,0,0,20250303,20251128
432,1,1,1,1,1,0,0,20250303,20251128
185,1,1,1,1,1,0,0,20250303,20251128
812,1,1,1,1,1,0,0,20250303,20250831
299,1,1,1,1,1,0,0,20250303,20251128
987,1,1,1,1,1,0,0,20250303,20251128
254,1,1,1,1,1,0,0,20250303,20251128
662,1,1,1,1,1,0,0,20250303,20251128
1094,1,1,1,1,1,0,0,20250303,20251128
625,1,1,1,1,1,0,0,20250303,20251128
957,1,1,1,1,1,0,0,20250303,20251128
622,1,1,1,1,1,0,0,20250303,20251128
837,1,1,1,1,1,0,0,20250303,20250718
706,1,1,1,1,1,0,0,20250303,20251128
476,1,1,1,1,1,0,0,20250303,20251128
1082,1,1,1,1,1,0,0,20250303,20251128
1038,1,1,1,1,1,0,0,20250303,20251128
359,1,1,1,1,1,0,0,20250303,20251128
177,1,1,1,1,1,0,0,20250303,20251128
1083,1,1,1,1,1,0,0,20250303,20251128
875,1,1,1,1,1,0,0,20250303,20251128
290,1,1,1,1,1,0,0,20250303,20251128
465,1,1,1,1,1,0,0,20250303,20251128
852,1,1,1,1,1,0,0,20250303,20251128
57,1,1,1,1,1,0,0,20250303,20251128
705,1,1,1,1,1,0,0,20250303,20251128
971,1,1,1,1,1,0,0,20250303,20251128
1063,1,1,1,1,1,0,0,20250303,20251128
146,1,1,1,1,1,0,0,20250303,20251128
923,1,1,1,1,1,0,0,20250303,20251128
1030,1,1,1,1,1,0,0,20250303,20251128
311,1,1,1,1,1,0,0,20250303,20251128
499,1,1,1,1,1,0,0,20250303,20251128
282,1,1,1,1,1,0,0,20250303,20251128
549,1,1,1,1,0,1,1,20250303,20251128
28,1,1,1,1,0,1,1,20250330,20250412
516,1,0,0,1,0,1,0,20250303,20251128
942,1,0,0,1,0,1,0,20250303,20251128
6,1,0,0,1,1,1,1,20250303,20250329
5,1,0,0,1,1,1,1,20250330,20250414
34,1,0,0,1,1,1,1,20250330,20250816
904,0,0,1,1,1,1,0,20250514,20251011
580,0,0,0,0,1,1,0,20250303,20251128
1068,0,0,0,0,1,1,0,20250303,20251128
925,0,0,0,0,1,1,0,20250303,20251128
878,0,0,0,0,1,1,0,20250303,20251128
542,0,0,0,0,1,1,0,20250303,20251128
604,0,0,0,0,1,1,0,20250307,20250308
905,0,0,0,0,1,1,0,20250725,20250726
921,0,0,0,0,1,1,0,20250303,20251128
86,0,0,0,0,1,1,0,20250418,20250419
560,0,0,0,0,1,1,0,20250303,20251128
797,1,1,0,1,0,0,0,20250303,20251128
802,1,1,0,1,0,0,0,20250303,20251128
804,1,1,0,1,0,0,0,20250303,20251128
801,1,1,0,1,0,0,0,20250303,20251128
791,0,0,0,1,0,1,0,20250303,20251128
50,0,0,0,1,0,1,0,20250303,20251128
880,1,0,0,0,0,1,0,20250329,20250426
963,1,1,1,1,1,0,0,20250303,20251128
388,1,1,1,1,1,0,0,20250331,20251128
824,1,1,1,1,1,0,0,20250303,20251128
1024,1,1,1,1,1,0,0,20250303,20250721
854,1,1,1,1,1,0,0,20250303,20251128
688,1,1,1,1,1,0,0,20250303,20251128
349,1,1,1,1,1,0,0,20250303,20250723
813,1,1,1,1,1,0,0,20250303,20250829
623,1,1,1,1,1,0,0,20250303,20251128
381,1,1,1,1,1,0,0,20250303,20250722
859,1,1,1,1,1,0,0,20250303,20251128
219,1,1,1,1,1,0,0,20250303,20251128
582,1,1,1,1,1,0,0,20250303,20250723
826,1,1,1,1,1,0,0,20250303,20251128
222,1,1,1,1,1,0,0,20250303,20251128
543,1,1,1,1,1,0,0,20250303,20251128
485,1,1,1,1,1,0,0,20250303,20250723
893,1,1,1,1,1,0,0,20250303,20251128
776,1,1,1,1,1,0,0,20250317,20251128
555,1,1,1,1,1,0,0,20250303,20251128
375,1,1,1,1,1,0,0,20250303,20251128
720,1,1,1,1,1,0,0,20250303,20251128
578,1,1,1,1,1,0,0,20250303,20251128
876,1,1,1,1,1,0,0,20250422,20251024
224,1,1,1,1,1,0,0,20250303,20250404
9,1,1,1,1,1,0,0,20250331,20250416
438,1,1,1,1,1,0,0,20250303,20251128
412,1,1,1,1,1,0,0,20250303,20251128
704,1,1,1,1,1,0,0,20250303,20251128
912,1,1,1,1,1,0,0,20250303,20250704
708,1,1,1,1,1,0,0,20250303,20251128
455,1,1,1,1,1,0,0,20250303,20251128
319,1,1,1,1,1,0,0,20250303,20251128
108,1,1,1,1,1,0,0,20250303,20251128
689,1,1,1,1,1,0,0,20250303,20250829
1023,1,1,1,1,1,0,0,20250303,20251128
1035,1,1,1,1,1,0,0,20250303,20250704
810,1,1,1,1,1,0,0,20250303,20251128
430,1,1,1,1,1,0,0,20250303,20251128
626,1,1,1,1,1,0,0,20250303,20251128
846,1,1,1,1,1,0,0,20250303,20251128
830,1,1,1,1,1,0,0,20250303,20251128
773,1,1,1,1,1,0,0,20250303,20250711
690,1,1,1,1,1,0,0,20250303,20250723
1032,1,1,1,1,1,0,0,20250303,20251128
877,1,1,1,1,1,0,0,20250303,20251128
935,1,1,1,1,1,0,0,20250303,20251128
82,1,1,1,1,1,0,0,20250303,20250523
75,1,1,1,1,1,0,0,20250303,20250523
976,1,1,1,1,1,0,0,20250303,20250829
577,1,1,1,1,1,0,0,20250303,20251128
975,1,1,1,1,1,0,0,20250303,20251128
497,1,1,1,1,1,0,0,20250303,20250723
567,1,1,1,1,1,0,0,20250303,20251128
967,1,1,1,1,1,0,0,20250303,20251128
1070,1,1,1,1,1,0,0,20250303,20250722
965,1,1,1,1,1,0,0,20250303,20250829
799,1,1,1,1,1,0,0,20250303,20251128
322,1,1,1,1,1,0,0,20250303,20251128
715,1,1,1,1,1,0,0,20250303,20251128
10,1,1,1,1,1,0,0,20250303,20250328
37,1,1,1,1,0,0,1,20250303,20251128
817,1,1,1,1,0,0,1,20250303,20251128
123,1,1,1,0,1,0,0,20250303,20251128
478,1,1,1,0,1,0,0,20250303,20251128
368,1,1,1,0,1,0,0,20250303,20251128
607,1,1,1,0,0,0,0,20250303,20251128
360,1,1,1,0,0,0,0,20250303,20250723
334,1,1,1,0,0,0,0,20250303,20251128
731,1,1,1,0,0,0,0,20250303,20251128
566,1,1,1,0,0,0,0,20250303,20251128
847,1,1,1,0,0,0,0,20250303,20251128
872,1,1,1,0,0,0,0,20250303,20251128
413,1,1,1,0,0,0,0,20250303,20251128
12,0,0,0,1,1,1,0,20250303,20250329
11,0,0,0,1,1,1,0,20250303,20250416
456,0,0,0,0,0,1,1,20250303,20251128
618,0,0,0,0,0,1,1,20250303,20251128
488,0,0,0,0,0,1,1,20250303,20251128
138,0,0,0,0,0,1,1,20250419,20250420
882,0,0,0,0,0,1,1,20250303,20251128
1091,0,0,0,0,0,1,1,20250303,20251128
611,0,0,0,0,0,1,1,20250303,20251128
933,0,0,0,0,0,1,1,20250303,20251128
7,0,0,0,0,0,1,1,20250330,20250413
406,0,0,0,0,0,1,1,20250303,20251128
675,0,0,0,0,0,1,1,20250303,20251128
901,0,0,0,0,0,1,1,20250303,20251128
8,0,0,0,0,0,1,1,20250303,20250329
194,0,0,0,0,0,1,1,20250303,20251128
487,0,0,0,0,0,1,1,20250303,20250418
784,0,0,0,0,0,1,1,20250303,20251128
492,0,0,0,0,0,1,1,20250303,20251128
785,0,0,0,0,0,1,1,20250303,20251128
603,0,0,0,0,0,1,1,20250308,20250309
668,0,0,0,0,0,1,1,20250303,20251128
862,0,0,0,0,0,1,1,20250303,20251128
694,0,1,0,1,0,0,0,20250303,20251128
125,0,1,0,1,0,0,0,20250303,20251128
53,0,1,0,1,0,0,0,20250303,20251128
410,0,1,0,1,0,0,0,20250303,20251128
946,0,1,0,1,0,0,0,20250303,20251128
800,0,1,0,1,0,0,0,20250303,20251128
124,0,1,0,1,0,0,0,20250303,20251128
270,0,0,1,0,0,0,0,20250303,20251128
110,0,0,1,0,0,0,0,20250303,20251128
230,0,0,1,0,0,0,0,20250303,20251128
505,0,0,1,0,0,0,0,20250303,20251128
423,0,0,1,0,0,0,0,20250303,20251128
777,0,0,1,0,0,0,0,20250303,20251128
363,0,0,1,0,0,0,0,20250303,20251128
118,0,0,1,0,0,0,0,20250303,20251128
102,0,0,1,1,0,0,0,20250303,20251128
103,0,0,1,1,0,0,0,20250303,20251128
870,0,0,0,1,1,0,0,20250303,20251128
361,0,0,0,1,1,0,0,20250303,20250718
809,0,0,0,1,1,0,0,20250303,20251128
565,0,0,0,1,1,0,0,20250303,20251128
414,0,0,0,1,1,0,0,20250303,20251128
871,0,0,0,1,1,0,0,20250303,20251128
608,0,0,0,1,1,0,0,20250303,20251128
732,0,0,0,1,1,0,0,20250303,20251128
680,0,0,0,1,1,0,0,20250303,20251128
886,1,1,1,1,1,1,1,20250719,20250902
523,1,1,1,1,1,1,1,20250303,20251128
36,1,1,1,1,1,1,1,20250303,20250816
1036,1,1,1,1,1,1,1,20250303,20251128
278,1,1,1,1,1,1,1,20250303,20251128
727,1,1,1,1,1,1,1,20250303,20251128
547,1,1,1,1,1,1,1,20250303,20251128
435,1,1,1,1,1,1,1,20250303,20251128
726,1,1,1,1,1,1,1,20250303,20251128
512,1,1,1,1,1,1,1,20250303,20251128
277,1,1,1,1,1,1,1,20250303,20251128
575,1,1,1,1,1,1,1,20250303,20251128
409,1,1,1,1,1,1,1,20250303,20251128
546,1,0,0,0,0,0,0,20250303,20251128
44,1,0,0,0,0,0,0,20250303,20251128
1076,1,0,0,0,0,0,0,20250303,20251128
441,1,0,0,0,0,0,0,20250303,20251128
134,1,0,0,0,0,0,0,20250303,20251128
829,1,0,0,0,0,0,0,20250303,20250721
440,1,0,0,0,0,0,0,20250303,20251128
228,1,0,0,0,0,0,0,20250303,20251128
945,1,0,0,0,0,0,0,20250303,20251128
568,1,0,0,0,0,0,0,20250303,20251128
805,1,0,0,0,0,0,0,20250303,20251128
511,1,0,0,0,0,0,0,20250303,20251128
43,1,0,0,0,0,0,0,20250303,20251128
116,1,0,0,0,0,0,0,20250303,20251128
352,1,0,0,0,0,0,0,20250303,20251128
387,0,0,0,0,1,0,1,20250303,20251128
570,1,1,0,0,0,0,0,20250303,20251128
679,1,1,0,0,0,0,0,20250303,20251128
737,1,1,0,0,0,0,0,20250303,20251128
605,1,1,0,0,0,0,0,20250303,20251128
235,1,1,0,0,0,0,0,20250303,20250401
600,0,0,0,0,0,1,0,20250303,20251128
828,0,0,0,0,0,1,0,20250303,20251128
1026,0,0,0,0,0,1,0,20250330,20251128
199,0,0,0,0,0,1,0,20250303,20251128
927,0,0,0,0,0,1,0,20250303,20251128
579,0,0,0,0,0,1,0,20250303,20251128
533,0,0,0,0,0,1,0,20250303,20251128
655,0,0,0,0,0,1,0,20250303,20251128
1074,0,0,0,0,0,1,0,20250303,20251128
538,0,0,0,0,0,1,0,20250303,20251128
883,0,0,0,0,0,1,0,20250303,20251128
742,0,0,0,0,0,1,0,20250303,20251128
408,0,0,0,0,0,1,0,20250303,20251128
530,0,0,0,0,0,1,0,20250303,20251128
823,0,0,0,0,0,1,0,20250303,20251128
426,0,0,0,0,0,1,0,20250303,20251128
997,0,0,0,0,0,1,0,20250303,20251128
1089,0,0,0,0,0,1,0,20250303,20251128
907,0,0,0,0,0,1,0,20250726,20250726
827,0,0,0,0,0,1,0,20250303,20251128
154,0,0,0,0,0,1,0,20250303,20251128
428,0,0,0,0,0,1,0,20250303,20251128
938,0,0,0,0,0,1,0,20250303,20251128
650,0,0,0,0,0,1,0,20250303,20251128
87,0,0,0,0,0,1,0,20250303,20250517
521,0,0,0,0,0,1,0,20250303,20251128
794,0,0,0,0,0,1,0,20250303,20251128
762,0,0,0,0,0,1,0,20250303,20251128
602,0,0,0,0,0,1,0,20250308,20250308
1045,0,0,0,0,0,1,0,20250310,20250329
931,0,0,0,0,0,1,0,20250303,20251128
358,0,0,0,0,0,1,0,20250303,20251128
1001,0,0,0,0,0,1,0,20250303,20251128
217,0,0,0,0,0,1,0,20250303,20251128
345,0,0,0,0,0,1,0,20250303,20251128
355,0,0,0,0,0,1,0,20250303,20251128
853,0,0,0,0,0,1,0,20250303,20251128
84,0,0,0,0,0,1,0,20250303,20250517
343,0,0,0,0,0,1,0,20250303,20251128
648,0,0,0,0,0,1,0,20250303,20251128
189,0,0,0,0,0,1,0,20250303,20251128
652,0,0,0,0,0,1,0,20250303,20251128
209,0,0,0,0,0,1,0,20250303,20251128
203,0,0,0,0,0,1,0,20250303,20251128
857,0,0,0,0,0,1,0,20250303,20251128
709,0,0,0,0,0,1,0,20250303,20251128
223,0,0,0,0,0,1,0,20250329,20251025
816,0,0,0,0,0,1,0,20250303,20251128
660,0,0,0,0,0,1,0,20250303,20251128
788,0,0,0,0,0,1,0,20250303,20251128
807,0,0,0,0,0,1,0,20250303,20251128
621,0,0,0,0,0,1,0,20250303,20251128
961,0,0,0,0,0,1,0,20250303,20251128
692,0,0,0,0,0,1,0,20250303,20251128
265,0,0,0,0,0,1,0,20250303,20250426
1081,0,0,0,0,0,1,0,20250303,20251128
913,0,0,0,0,0,1,0,20250303,20251128
815,0,0,0,0,0,1,0,20250303,20251128
61,0,0,0,0,0,1,0,20250303,20251128
953,0,0,0,0,0,1,0,20250303,20251128
589,0,0,0,0,0,1,0,20250303,20251128
651,0,0,0,0,0,1,0,20250303,20251128
221,0,0,0,0,0,1,0,20250303,20251128
1084,0,0,0,0,0,1,0,20250303,20251128
1014,0,0,0,0,0,1,0,20250303,20251128
164,0,0,0,0,0,1,0,20250303,20251128
721,0,0,0,0,0,1,0,20250303,20251128
97,0,0,0,0,0,1,0,20250303,20251128
517,0,0,0,0,0,1,0,20250303,20251128
356,0,0,0,0,0,1,0,20250303,20250329
929,0,0,0,0,0,1,0,20250303,20251128
88,0,0,0,0,0,1,0,20250303,20250517
372,0,0,0,0,0,1,0,20250303,20251128
1072,0,0,0,0,0,1,0,20250303,20251128
403,0,0,0,0,0,1,0,20250303,20251128
919,0,0,0,0,0,1,0,20250303,20251128
610,0,0,0,0,0,1,0,20250303,20251128
444,0,0,0,0,0,1,0,20250303,20251128
535,0,0,0,0,0,1,0,20250303,20251128
181,0,0,0,0,0,1,0,20250303,20251128
972,0,0,0,0,0,1,0,20250303,20251128
654,0,0,0,0,0,1,0,20250303,20251128
295,0,0,0,0,0,1,0,20250303,20251128
768,0,0,0,0,0,1,0,20250303,20251128
109,0,0,0,0,0,1,0,20250303,20251128
503,0,0,0,0,0,1,0,20250303,20251128
451,0,0,0,0,0,1,0,20250303,20251128
207,0,0,0,0,0,1,0,20250303,20251128
989,0,0,0,0,0,1,0,20250303,20251128
76,0,0,0,0,0,1,0,20250303,20250517
63,0,0,0,0,0,1,0,20250303,20251128
78,0,0,0,0,0,1,0,20250418,20250420
65,0,0,0,0,0,1,0,20250303,20251128
758,0,0,0,0,0,1,0,20250303,20251128
1009,0,0,0,0,0,1,0,20250303,20251128
558,0,0,0,0,0,1,0,20250303,20251128
39,0,0,0,0,0,1,0,20250303,20251128
1077,0,0,0,0,0,1,0,20250303,20251128
980,0,0,0,0,0,1,0,20250303,20251128
241,0,0,0,0,0,1,0,20250503,20250503
470,0,0,0,0,0,1,0,20250303,20251128
717,0,0,0,0,0,1,0,20250303,20251128
482,0,0,0,0,0,1,0,20250303,20251128
819,0,0,0,0,0,1,0,20250303,20251128
850,0,0,0,0,0,1,0,20250303,20251128
458,0,0,0,0,0,1,0,20250303,20251128
1005,0,0,0,0,0,1,0,20250303,20251128
1007,0,0,0,0,0,1,0,20250303,20251128
684,0,0,0,0,0,1,0,20250303,20251128
394,0,0,0,0,0,1,0,20250303,20251128
324,0,0,0,0,0,1,0,20250303,20251128
462,0,0,0,0,0,1,0,20250303,20251128
557,0,0,0,0,0,1,0,20250303,20251128
449,0,0,0,0,0,1,0,20250303,20251128
77,0,0,0,0,0,1,0,20250303,20250517
429,0,0,0,0,0,1,0,20250303,20251128
213,0,0,0,0,0,1,0,20250303,20251128
95,0,0,0,0,0,1,0,20250303,20251128
339,0,0,0,0,0,1,0,20250303,20251128
1047,0,0,0,0,0,1,0,20250303,20251128
247,0,0,0,0,0,1,0,20250329,20250413
670,0,0,0,0,0,1,0,20250303,20251128
958,0,0,0,0,0,1,0,20250303,20251128
646,0,0,0,0,0,1,0,20250311,20251128
897,0,0,0,0,0,1,0,20250303,20251128
391,0,0,0,0,0,1,0,20250303,20251128
200,0,0,0,0,0,1,0,20250303,20251128
242,0,0,0,0,0,1,0,20250503,20250505
477,0,0,0,0,0,1,0,20250303,20251128
193,0,0,0,0,0,1,0,20250303,20251128
48,0,0,0,0,0,1,0,20250303,20251128
151,0,0,0,0,0,1,0,20250303,20251128
307,0,0,0,0,0,1,0,20250303,20251128
114,0,0,0,0,0,1,0,20250303,20251128
703,0,0,0,0,0,1,0,20250303,20251128
300,0,0,0,0,0,1,0,20250303,20251128
71,0,0,0,0,0,1,0,20250303,20251128
1059,0,0,0,0,0,1,0,20250303,20251128
494,0,0,0,0,0,1,0,20250303,20251128
365,0,0,0,0,0,1,0,20250303,20251128
291,0,0,0,0,0,1,0,20250303,20251128
81,0,0,0,0,0,1,0,20250303,20250517
832,0,0,0,0,0,1,0,20250303,20251128
1062,0,0,0,0,0,1,0,20250303,20251128
469,0,0,0,0,0,1,0,20250303,20251128
85,0,0,0,0,0,1,0,20250303,20250517
107,0,0,0,0,0,1,0,20250303,20251128
865,0,0,0,0,0,1,0,20250303,20251128
301,0,0,0,0,0,1,0,20250303,20251128
874,0,0,0,0,0,1,0,20250303,20251128
892,0,0,0,0,0,1,0,20250303,20251128
992,0,0,0,0,0,1,0,20250303,20251128
159,0,0,0,0,0,1,0,20250427,20251128
736,0,0,0,0,0,1,0,20250303,20251128
320,0,0,0,0,0,1,0,20250303,20251128
437,0,0,0,0,0,1,0,20250303,20251128
950,0,0,0,0,0,1,0,20250317,20251128
898,0,0,0,0,0,1,0,20250303,20251128
524,0,0,0,0,0,1,0,20250303,20251128
985,0,0,0,0,0,1,0,20250303,20251128
563,0,0,0,0,0,1,0,20250303,20251128
256,0,0,0,0,0,1,0,20250303,20251128
402,0,0,0,0,0,1,0,20250303,20251128
842,0,0,0,0,0,1,0,20250303,20251128
389,0,0,0,0,0,1,0,20250405,20251128
133,0,0,0,0,0,1,0,20250303,20251128
966,0,0,0,0,0,1,0,20250303,20251128
377,0,0,0,0,0,1,0,20250303,20251128
615,0,0,0,0,0,1,0,20250303,20251128
960,0,0,0,0,0,1,0,20250303,20251128
258,0,0,0,0,0,1,0,20250303,20251128
540,0,0,0,0,0,1,0,20250503,20251025
198,0,0,0,0,0,1,0,20250303,20251128
836,0,0,0,0,0,1,0,20250303,20251128
93,0,0,0,0,0,1,0,20250303,20251128
376,0,0,0,0,0,1,0,20250303,20251128
638,0,0,0,0,0,1,0,20250303,20250310
707,0,0,0,0,0,1,0,20250303,20251128
172,0,0,0,0,0,1,0,20250303,20251128
302,0,0,0,0,0,1,0,20250303,20251128
855,0,0,0,0,0,1,0,20250303,20251128
308,0,0,0,0,0,1,0,20250303,20251128
780,0,0,0,0,0,1,0,20250303,20251128
421,0,0,0,0,0,1,0,20250303,20251128
169,0,0,0,0,0,1,0,20250303,20251128
326,0,0,0,0,0,1,0,20250303,20251128
798,0,0,1,0,1,0,0,20250303,20251128
526,0,0,1,0,1,0,0,20250303,20251128
803,0,0,1,0,1,0,0,20250303,20251128
117,0,0,1,0,1,0,0,20250303,20250528
1040,0,0,0,0,0,0,1,20250303,20251128
83,0,0,0,0,0,0,1,20250303,20250518
1095,0,0,0,0,0,0,1,20250303,20251128
216,0,0,0,0,0,0,1,20250303,20251128
782,0,0,0,0,0,0,1,20250303,20251128
790,0,0,0,0,0,0,1,20250303,20251128
288,0,0,0,0,0,0,1,20250303,20251128
280,0,0,0,0,0,0,1,20250303,20251128
683,0,0,0,0,0,0,1,20250303,20251128
445,0,0,0,0,0,0,1,20250303,20251128
574,0,0,0,0,0,0,1,20250420,20251019
700,0,0,0,0,0,0,1,20250303,20251128
581,0,0,0,0,0,0,1,20250303,20251128
73,0,0,0,0,0,0,1,20250303,20250518
527,0,0,0,0,0,0,1,20250303,20251128
399,0,0,0,0,0,0,1,20250303,20251128
471,0,0,0,0,0,0,1,20250303,20251128
926,0,0,0,0,0,0,1,20250303,20251128
439,0,0,0,0,0,0,1,20250303,20251128
453,0,0,0,0,0,0,1,20250303,20251128
556,0,0,0,0,0,0,1,20250303,20251128
695,0,0,0,0,0,0,1,20250303,20251128
641,0,0,0,0,0,0,1,20250303,20250310
1079,0,0,0,0,0,0,1,20250303,20251128
564,0,0,0,0,0,0,1,20250303,20251128
104,0,0,0,0,0,0,1,20250303,20251128
1064,0,0,0,0,0,0,1,20250303,20251128
364,0,0,0,0,0,0,1,20250303,20250418
759,0,0,0,0,0,0,1,20250303,20251128
457,0,0,0,0,0,0,1,20250303,20251128
468,0,0,0,0,0,0,1,20250303,20251128
136,0,0,0,0,0,0,1,20250303,20251128
1046,0,0,0,0,0,0,1,20250303,20251128
962,0,0,0,0,0,0,1,20250303,20251128
1041,0,0,0,0,0,0,1,20250310,20250329
385,0,0,0,0,0,0,1,20250303,20250329
988,0,0,0,0,0,0,1,20250303,20251128
730,0,0,0,0,0,0,1,20250303,20251128
783,0,0,0,0,0,0,1,20250303,20251128
631,0,0,0,0,0,0,1,20250303,20251128
427,0,0,0,0,0,0,1,20250303,20251128
354,0,0,0,0,0,0,1,20250303,20251128
390,0,0,0,0,0,0,1,20250303,20251128
1088,0,0,0,0,0,0,1,20250303,20251128
936,0,0,0,0,0,0,1,20250303,20251128
562,0,0,0,0,0,0,1,20250303,20251128
495,0,0,0,0,0,0,1,20250303,20251128
917,0,0,0,0,0,0,1,20250303,20251128
889,0,0,0,0,0,0,1,20250303,20251128
1016,0,0,0,0,0,0,1,20250303,20251128
318,0,0,0,0,0,0,1,20250303,20251128
327,0,0,0,0,0,0,1,20250303,20251128
637,0,0,0,0,0,0,1,20250303,20251128
346,0,0,0,0,0,0,1,20250303,20251128
763,0,0,0,0,0,0,1,20250303,20251128
1039,0,0,0,0,0,0,1,20250303,20251128
657,0,0,0,0,0,0,1,20250303,20251128
337,0,0,0,0,0,0,1,20250303,20251128
576,0,0,0,0,0,0,1,20250303,20251128
1049,0,0,0,0,0,0,1,20250303,20251128
1037,0,0,0,0,0,0,1,20250303,20251128
609,0,0,0,0,0,0,1,20250303,20251128
573,0,0,0,0,0,0,1,20250303,20250413
310,0,0,0,0,0,0,1,20250303,20251128
710,0,0,0,0,0,0,1,20250303,20251128
480,0,0,0,0,0,0,1,20250303,20251128
864,0,0,0,0,0,0,1,20250303,20251128
415,0,0,0,0,0,0,1,20250303,20251128
340,0,0,0,0,0,0,1,20250303,20251128
240,0,0,0,0,0,0,1,20250503,20250505
292,0,0,0,0,0,0,1,20250303,20251128
90,0,0,0,0,0,0,1,20250303,20250518
496,0,0,0,0,0,0,1,20250303,20251128
442,0,0,0,0,0,0,1,20250303,20251128
841,0,0,0,0,0,0,1,20250303,20251128
934,0,0,0,0,0,0,1,20250303,20251128
245,0,0,0,0,0,0,1,20250329,20250413
821,0,0,0,0,0,0,1,20250303,20251128
92,0,0,0,0,0,0,1,20250303,20250518
676,0,0,0,0,0,0,1,20250303,20251128
645,0,0,0,0,0,0,1,20250311,20251128
1054,0,0,0,0,0,0,1,20250330,20251128
436,0,0,0,0,0,0,1,20250303,20251128
686,0,0,0,0,0,0,1,20250303,20251128
357,0,0,0,0,0,0,1,20250303,20251128
796,0,0,0,0,0,0,1,20250303,20251128
74,0,0,0,0,0,0,1,20250418,20250420
818,0,1,1,0,0,0,0,20250303,20251128
127,0,1,1,0,0,0,0,20250303,20250527
2,1,1,0,0,1,1,1,20250303,20250329
1,1,1,0,0,1,1,1,20250330,20250415
